-74
-65
-73
-34
-66
-11
-29
-23
-35
-83
-50
-12
-37
-23
-77
-66
-35
-63
-12
-90
-65
-15
-42
-73
-51
-54
-31
-68
-58
-26
-64
-17
-74
-18
-36
-39
-73
-51
-41
-65
-43
-75
-40
-61
-62
-29
-22
-80
-34
-23
-83
-26
-64
-86
-16
-36
-66
-36
-24
-61
-32
-23
-19
-43
-72
-85
-73
-39
-12
-87
-52
-23
-60
-72
-44
-73
-52
-84
-22
-85
-54
-90
-45
-21
-23
-48
-81
-41
-84
-89
-83
-37
-37
-47
-35
-39
-83
-25
-53
-43
-38
-78
-31
-55
-72
-30
-35
-30
-44
-56
-71
-28
-74
-14
-20
-67
-72
-68
-26
-57
-70
-66
-68
-46
-56
-14
-85
-46
-76
-53
-74
-37
-90
-19
-19
-56
-65
-46
-71
-54
-25
-69
-54
-63
-29
-24
-24
-11
-88
-34
-44
-77
-10
-35
-82
-73
-69
-63
-17
-62
-14
-42
-76
-45
-26
-41
-82
-63
-26
-69
-60
-17
-30
-22
-76
-37
-36
-61
-50
-26
-67
-62
-14
-81
-26
-28
-40
-32
-77
-71
-34
-14
-85
-24
-33
-69
-68
-78
-23
-35
-32
-50
-63
-51
-78
-68
-58
-39
-36
-65
-37
-12
-18
-64
-70
-28
-23
-25
-59
-61
-67
-73
-25
-36
-76
-10
-43
-43
-68
-28
-40
-58
-69
-17
-22
-32
-40
-53
-78
-15
-57
-25
-39
-16
-81
-76
-82
-41
-85
-44
-36
-37
-40
-23
-70
-37
-57
-21
-59
-68
-46
-76
-34
-78
-80
-61
-61
-27
-81
-55
-69
-47
-72
-67
-52
-66
-56
-17
-35
-20
-12
-77
-47
-35
-59
-89
-58
-65
-65
-11
-82
-47
-13
-82
-71
-55
-20
-64
-32
-46
-16
-11
-27
-65
-17
-11
-42
-53
-85
-75
-88
-33
-84
-60
-40
-33
-65
-13
-20
-61
-75
-84
-33
-10
-45
-57
-34
-79
-57
-21
-55
-32
-17
-66
-10
-74
-44
-13
-68
-10
-28
-25
-13
-89
-22
-31
-70
-74
-45
-71
-78
-53
-58
-36
-41
-65
-88
-36
-38
-90
-53
-70
-22
-34
-45
-17
-80
-81
-86
-38
-82
-51
-25
-10
-42
-84
-74
-42
-12
-65
-79
-80
-31
-13
-11
-13
-41
-62
-46
-30
-69
-39
-78
-36
-39
-79
-82
-18
-27
-27
-27
-89
-15
-56
-47
-47
-56
-73
-76
-13
-38
-90
-28
-43
-48
-64
-36
-62
-29
-40
-23
-68
-36
-58
-17
-76
-82
-29
-11
-52
-53
-11
-20
-56
-28
-90
-15
-31
-85
-58
-48
-10
-22
-76
-77
-50
-26
-88
-76
-50
-89
-53
-36
-54
-69
-25
-35
-45
-76
-85
-46
-57
-13
-37
-54
-36
-37
-40
-23
-37
-68
-38
-27
-28
-49
-79
-79
-29
-81
-84
-88
-83
-79
-21
-48
-17
-86
-79
-44
-38
-28
-21
-20
-39
-13
-86
-14
-73
-58
-39
